4
1000
28 94
86 67
77 81
93 7
55 100
90 71
78 78
16 42
9 10
63 97
63 41
52 56
9 47
22 10
45 10
37 61
67 56
73 72
83 47
90 66
2 2
41 40
84 1
87 34
74 25
61 51
21 91
66 86
47 12
85 72
28 11
15 66
43 21
19 23
55 64
35 31
64 50
9 19
99 20
53 43
30 46
12 78
95 6
39 46
4 99
96 47
65 49
8 39
92 27
9 84
61 37
70 31
4 28
90 23
98 19
87 40
48 26
5 30
9 27
83 2
7 44
34 58
68 50
78 9
56 31
39 36
33 0
93 97
4 9
99 61
47 47
33 72
7 71
24 84
61 74
97 98
6 39
26 24
50 96
90 58
94 75
96 49
91 11
8 5
63 40
37 48
58 14
10 42
56 38
95 82
55 20
71 8
98 94
19 70
35 35
83 6
16 44
40 56
83 73
15 35
4 100
5 42
95 46
15 32
57 38
63 33
22 38
48 33
35 74
49 51
27 78
93 34
50 57
65 56
44 82
9 67
91 71
75 18
60 4
7 35
35 27
38 17
53 54
95 39
34 100
67 23
61 82
1 48
83 47
24 30
59 68
24 12
0 43
15 74
79 59
9 20
36 55
58 98
43 73
26 2
30 75
22 57
96 63
83 78
20 8
89 83
27 90
27 6
50 69
6 37
13 3
26 28
85 7
57 63
88 49
72 24
67 84
93 62
13 60
83 87
67 79
61 54
65 78
78 70
89 80
90 66
20 41
83 9
24 63
95 67
92 9
61 73
15 39
57 65
74 73
35 24
25 41
5 25
95 64
34 2
90 2
30 59
35 66
5 2
83 2
50 8
94 2
40 59
70 52
84 46
79 97
14 93
57 57
46 92
77 15
38 50
4 34
2 74
8 19
57 95
15 17
88 6
9 84
65 20
80 51
66 59
70 80
30 53
67 30
77 21
94 63
10 40
22 10
100 38
58 33
93 48
42 9
20 62
73 81
51 6
80 16
97 43
32 46
79 10
76 72
58 50
16 41
17 59
26 10
77 80
90 18
91 94
70 31
48 92
81 64
74 75
49 26
34 75
17 76
26 51
71 8
58 27
22 28
55 64
61 52
6 78
21 41
57 48
80 95
14 100
78 25
33 63
48 36
60 60
10 54
5 96
72 38
34 82
5 24
29 50
48 42
83 91
88 52
100 44
100 18
60 31
4 39
63 75
70 19
12 67
45 86
16 65
12 33
65 12
100 74
95 34
21 35
81 55
65 62
0 63
84 69
91 25
74 14
98 24
30 86
20 61
83 60
46 72
97 15
53 78
92 29
11 4
78 8
20 57
44 28
1 54
65 12
20 1
71 2
46 71
93 61
2 100
0 50
15 53
96 17
23 11
19 33
89 63
67 13
19 62
80 66
78 83
78 84
84 9
27 61
1 53
45 89
32 63
12 41
14 47
37 91
43 98
34 81
63 7
35 48
44 6
17 16
81 89
52 54
32 57
78 99
12 27
65 90
97 34
85 79
20 72
90 1
83 66
66 57
53 55
75 19
10 26
10 84
3 73
94 30
41 38
36 25
0 27
0 37
16 48
54 0
100 82
86 35
10 99
66 44
79 71
13 52
68 67
16 11
89 41
18 87
44 46
38 43
20 84
60 51
6 17
3 63
69 63
0 0
90 75
1 10
54 33
87 45
26 4
88 77
10 92
52 19
48 29
25 44
6 23
40 48
94 78
95 90
45 62
40 27
70 31
16 69
67 75
96 22
43 90
19 83
52 46
22 67
60 79
8 40
3 18
56 49
46 57
96 91
65 17
23 58
11 43
47 35
8 0
51 45
17 23
66 6
89 45
91 29
8 80
74 84
13 62
60 57
64 26
70 30
59 91
55 42
54 61
16 85
96 36
21 66
95 88
56 26
6 78
7 69
32 45
20 67
94 24
59 57
7 87
3 59
32 54
19 74
50 60
79 1
82 37
90 23
35 90
92 41
22 69
4 27
67 75
72 88
45 15
74 24
26 86
28 76
96 85
76 71
52 41
68 10
25 27
14 66
20 84
81 33
26 68
85 87
78 36
57 40
1 68
9 33
15 4
46 65
100 37
29 24
47 33
21 24
7 70
50 33
68 68
72 56
52 48
62 57
64 29
68 5
23 72
43 43
65 81
58 69
12 52
49 31
58 16
45 61
14 74
57 24
15 14
14 58
25 85
80 63
12 12
20 46
55 52
5 99
32 86
20 30
89 18
95 48
27 64
54 8
56 41
6 36
79 61
2 13
79 63
42 17
57 62
98 86
6 35
2 86
73 94
36 46
73 32
51 8
46 11
41 12
33 20
3 16
100 74
76 61
86 7
15 42
98 36
84 38
61 50
31 9
13 99
88 25
90 57
73 35
19 59
50 56
65 96
53 45
97 34
21 56
89 6
48 89
100 12
83 24
64 75
91 19
42 88
34 18
36 63
88 94
88 69
37 61
35 49
2 80
95 69
76 46
21 31
97 26
95 88
3 86
57 11
11 18
58 30
24 40
43 2
52 89
28 80
77 91
2 41
8 9
80 59
77 77
43 47
14 31
68 59
44 80
5 32
52 83
82 50
86 54
0 51
42 44
90 45
50 49
60 95
69 57
50 61
74 22
14 26
20 9
0 43
86 11
98 82
81 78
60 8
66 10
0 42
50 35
19 88
68 62
22 60
51 0
65 45
19 22
74 38
79 31
5 61
88 87
41 41
4 33
53 45
45 94
94 69
51 32
0 54
53 49
35 40
53 16
71 79
16 57
10 73
33 70
82 90
43 48
3 40
27 67
59 86
20 89
1 95
58 29
69 58
59 7
41 48
37 39
83 28
10 93
12 92
65 26
38 28
21 37
43 54
37 49
41 72
83 13
8 4
87 11
75 73
22 67
40 25
76 91
54 2
63 23
97 68
68 71
3 0
53 86
8 33
56 29
67 97
41 6
72 5
9 68
78 7
91 45
89 84
30 54
0 59
57 83
94 32
25 48
87 74
94 17
83 51
42 29
50 80
71 60
25 93
27 37
26 77
33 32
39 93
54 9
83 99
48 10
19 74
29 56
96 67
29 55
26 23
66 40
39 13
41 24
45 70
62 57
18 7
36 84
75 78
54 4
20 19
14 10
4 58
39 27
5 90
45 82
13 100
47 75
99 41
29 5
41 73
7 50
91 71
60 96
58 94
42 36
19 51
29 73
60 17
76 18
69 27
93 94
93 83
89 6
90 43
71 50
18 11
5 80
33 81
14 82
41 37
74 67
18 96
9 36
24 57
95 98
82 61
88 87
32 30
5 37
7 48
85 97
75 37
35 39
95 9
97 92
39 17
61 92
7 99
14 88
72 85
7 97
94 65
16 43
29 85
70 18
94 95
53 67
3 11
73 52
41 31
90 38
72 26
97 1
37 64
39 95
76 98
58 7
99 5
90 91
20 93
2 84
68 69
39 79
14 89
41 22
86 16
63 19
1 99
51 39
37 15
84 23
27 10
73 75
100 86
65 66
84 90
2 96
83 5
77 15
79 17
94 23
30 30
67 45
52 48
6 62
0 87
73 23
4 4
76 3
88 90
1 39
70 40
70 88
50 99
55 47
95 81
37 49
35 64
98 34
77 12
58 44
39 53
50 16
95 34
0 57
23 30
88 22
62 14
76 6
49 70
24 14
37 73
37 57
33 52
68 26
70 10
55 62
5 27
73 51
45 83
41 90
89 62
85 7
51 37
77 4
29 36
58 5
37 46
73 91
62 30
41 63
62 14
46 31
81 3
54 78
71 28
98 0
77 71
58 35
62 55
27 96
89 55
63 3
72 81
3 22
79 34
89 80
15 38
74 89
98 67
1 16
85 45
100 29
30 71
55 41
36 78
81 45
65 88
39 27
80 46
52 99
47 32
26 83
74 15
32 36
16 52
6 29
0 48
95 51
9 92
1 37
66 20
6 95
69 35
58 64
4 73
38 92
9 77
33 1
88 88
23 51
11 15
6 78
43 14
81 18
82 1
3 17
75 38
74 16
12 14
17 60
77 80
21 84
27 53
25 63
42 92
22 71
22 33
56 21
69 82
18 7
5 55
64 77
45 43
36 54
43 1
79 97
23 54
10 83
3 36
68 38
95 67
76 77
50 77
21 24
1 30
89 100
50 7
18 21
75 79
71 82
15 38
63 64
77 50
91 89
75 19
30 40
34 90
30 2
44 24
93 68
40 75
90 48
11 19
90 59
73 85
80 63
40 39
23 0
15 96
60 78
48 62
22 88
7 95
75 68
66 70
4 70
37 24
85 23
53 11
18 22
57 1
22 93
31 91
40 74
8 74
42 70
31 26
52 46
61 99
75 71
55 40
44 32
22 6
1 58
5 25
51 76
94 86
68 98
61 53
23 64
1 97
78 32
19 19
61 3
13 36
90 49
94 45
36 53
95 60
51 18
96 52
97 22
3 52
34 52
8 1
6 36
18 33
47 75
75 49
6 50
19 34
91 80
78 4
98 2
